BPM:255
OFFSET:0
#START
10001000,
10001010,
1000000010002010,
0000100020002000,
1000100020002010,
2000100000002020,
1000100010102010,
2000101020202022,
2000102220001022,
2000200020002000,
1000200010102010,
0010200010102010,
1000200010102010,
0010200010102022,
1000200010102010,
0010200010102010,
10001000,
10001010,
100111100100,
200200111220,
100111100220,
100100222110,
100000100000101010100200,
100200100000101010100000,
100200100000101010100000,
0000000000001000,
10000000,
0,
10000000,
0,
10000000,
10000000,
100010001000,
20000000,
1000100010001000,
1000100010200000,
1020100010201000,
1020100010102000,
1000112000112000,
1120001111101000,
1011201111111020,
0000000020002000,
1000200010102010,
0010200010102010,
1000201000112010,
0010200022101000,
1000201110002011,
1000100010221010,
0011101110101020,
0011101011101000,
0000200010102010,
0010200010102010,
1000200010002000,
1000200020002000,
1110201110102010,
1110201120102010,
1110201111102010,
1111111020000000,
20002000,
20002000,
20202000,
20002000,
20202020,
20002000,
20002020,
20202000,
10001000,
10001000,
10001000,
10001000,
10201020,
10201020,
10201020,
10201020,
10112011,
11102011,
10112011,
11102110,
1010101020001010,
1011101020101110,
1010101020111010,
1011101020101110,
1110111011101110,
1111111011111110,
1000000000002220,
1020100020001020,
1000102000102000,
0010200010201000,
1110111011111011,
1111111020000000,
1000200010102010,
1010200010102011,
1000200010102010,
1010200022102022,
1110201000112011,
1010201022102010,
1110102210221022,
0000000020002000,
1000000020000010,
0000111110201020,
1000101000101020,
0000111022202220,
1000001020001020,
1020100020201020,
1010201120102020,
0000222011101110,
0000100020111010,
2011102010102111,
2000100020001000,
2000200020002000,
1111101111102000,
1111201111201000,
1111221122112210,
10000000,
00000000,
1000102010201222,
10001020122210,
00,
2010201020102111,
20102010211120,
00,
1000102010201222,
10002010201021,
11,
2000100010101010,
20111000102010,
20,
1110102010201222,
10010010201011,
10,
1110201110221022,
10222010211120,
00,
1000102010111020,
11201120112120,
00,
00000000000000,
00,
11112222121020,
00,
10002000101020,
10,
00102000101020,
00,
202020100010202020100,
010,
200010101010202020200,
000,
101010202020101010202,
020,
101020201010202010201,
020,
10001000,
10001010,
10000000,
0,
0,
0,
0,
0,
0000000010000010,
0,
0,
#END