TITLE: 4+1及公木冗木及帤懂
SUBTITLE:怮嘆 de 正奶丞玄仿矛伙00's / cosMo?惟軗P feat.場秞立弁
BPM:255
WAVE:main.ogg
OFFSET:-0.51
SONGVOL:100
SEVOL:100
DEMOSTART:92.3
SCOREMODE:2

COURSE:easy
LEVEL:10
BALLOON:4,4,10,5,4,100,
SCOREINIT:860
SCOREDIFF:0
SIDE:Normal


#START

10001000,
10101010,

1000000010002010,
0000100020002000,
1000100020002010,
2000102000002020,

1000102010102010,
2000101020202022,
2000102220001022,
2000200020002000,

1000200010112010,
0010200010102210,
1000200010112010,
0010200010102222,

1000200010112010,
0010200010102210,
10001000,
10101020,

#GOGOSTART

100111100100,
200200111222,
100111100222,
100100222111,

100000100000101010100200,
100200100000101010100200,
100200100000101010100100,
0000000000002000,

#GOGOEND

10000000,
0,
10000000,
0,

10000000,
10000000,
100010001000,
20000000,

1000100010001000,
1000100010200000,
1020100010201000,
1020100010102000,

1000112000112000,
1120001111101000,
1011201111111020,
0000000020002000,

1000200010112010,
0010200010102210,
1000201000112010,
0010200022101000,

1000201110002011,
1000100010221010,
0011101110101020,
0011101011101000,

0000200010112010,
0010200010102210,
1000200010002000,
1000200020002000,

1110201110102010,
1110201120102010,
1110201111102011,
1111111020000000,

20002000,

#BARLINEOFF

20002000,
20202000,
20002000,

20202020,
20002000,
20002020,
20202000,

#BARLINEON

10001000,
10001000,
10001000,
10001000,

10201020,
10201020,
10201020,
10201020,

10112011,
11102011,
10112011,
11102110,

1010101020001010,
1011101020101110,
1010101020111010,
1011101020101110,

1110111011101110,
1111111011111110,
1000000000002220,
1020100020001020,

1000202001010000,
0010200010201000,
1110111011111011,
1111111020000000,

1000200010112010,
1010200010102211,
1000200010112010,
1010200022102222,

1110201000112011,
1010201022102210,
1110102210221022,
0000000020002000,

1000000020000010,
0000111110201020,
1000101000101020,
0000111022202220,

1000001020001020,
1020100020201020,
1010201120102020,
0000222011101110,

0000100020111010,
2011102010102111,
2000100020001000,
2000200020002000,

1111101111102000,
1111201111201000,
1111221122112210,
10000000

#GOGOSTART

00000000,

1000102010201222,
10001020122210

#GOGOEND

00,

#GOGOSTART

2010201020102111,
20102010211120

#GOGOEND

00,

#GOGOSTART

1000102010201222,
10002010201021

#GOGOEND

11,

#GOGOSTART

2000100010101010,
20111000102010

#GOGOEND

20,

#GOGOSTART

1110102010201222,
10010010201011

#GOGOEND

10,

#GOGOSTART

1110201110221022,
10222010211120

#GOGOEND

00,

#GOGOSTART

1000102010111020,
11201120112120

#GOGOEND

00,

#GOGOSTART

00000000000000

#GOGOEND

00,

#GOGOSTART

11112222121040

#GOGOEND

00,

#GOGOSTART

10002000101020

#GOGOEND

10,

#GOGOSTART

00102000101020

#GOGOEND

00,

#GOGOSTART

202020100010202020100

#GOGOEND

010,

#GOGOSTART

200010101010202020200

#GOGOEND

000,

#GOGOSTART

101010202020101010202

#GOGOEND

020,

#GOGOSTART

101020201010202010201

#GOGOEND

020,

#GOGOSTART

10001000,
10107080,

70000000,
0,
0,
0,

0,
0,
0000000080000030,
0,

#GOGOEND

0,

#END