//TJADB Project
TITLE:Zenryoku Shounen
TITLEJA:全力少年
SUBTITLE:--Sukima Switch/Onward
SUBTITLEJA:
BPM:134.51
WAVE:Zenryoku Shounen.ogg
OFFSET:-7.430
DEMOSTART:73.655

COURSE:Easy
LEVEL:3
BALLOON:7
SCOREINIT:1000
SCOREDIFF:450

#START
100000000000000000000000000000000000000000000000,
200000000000000000000000000000000000000000000000,
100000000000000000000000000000000000000000000000,
200000000000000000200000000000000000000000000000,
100000000000200000000000000000000000200000000000,
000000000000200000000000000000000000200000000000,
100000000000000000000000000000000000000000000010,
000000000000000000000000000000000000000000000000,
100000000000200000000000000000000000200000000000,
000000000000200000000000000000000000200000000000,
100000000000000000000000000000000000000000000010,
000000000000000000000000000000000000000000000000,
100000000000000000000000000000000000000000000000,
100000000000000000000000100000000000000000000000,
100000000000100000000000000000000000000000000000,
100000000000000000000000100000000000000000100000,
000000000000000000000000000000000000000000000000,
100000000000000000000000100000000000000000200000,
000000000000000000200000000000000000000000000000,
100000000000100000000000100000000000000000100000,
000000000000000000000000000010000000000000000000,
100000000000000000000000100000000000000000000000,
100000000000100000000000000000000000000000000000,
100000000000000000000000100000000000000000100000,
000000000000000000000000000000000000000000000000,
100000000000000000000000100000000000000000200000,
000000000000000000200000000000000000000000000000,
100000000000000000000000100000000000000000100000,
000000000000000000000000000000000000000000000000,
100000000000000000000000100000000000000000000000,
100000000000000000000000100000000000000000000000,
100000000000100000000000100000000000000000100000,
000000000000000000000000000000000000000000000000,
000000000000000000000010000000000000000000000000,
100000000000100000000000000000000000000000000000,
100000000000000000100000000000000000000000200000,
000000000000000000000000000010000000000000000000,
100000000000100000000000100000000000000000000000,
000000000000100000000000100000000000000000000000,
100000000000100000000000100000000000000000000000,
000000000000200000000000200000000000000000000000,
200000000000200000000000000000000000000000000000,
200000000000200000000000200000000000200000000000,
1,
1,
100000000000100000000000100000000000000000000000,
000000000000100000000000100000000000000000000000,
100000000000100000000000100000000000000000000000,
000000000000200000000000200000000000000000000000,
100000000000000000200000000000000000000000100000,
000000000000000000100000000000000000000000000000,
100000000000000000000000000000000000000000000000,
#END

